1000000
128
S 439929 528079 16353 865038 912368 646837
U 575630 962977 622413 877136
S 699622 823731 773559 762949 874306 883807
S 653027 987395 24255 797369 991600 965193
S 93334 313832 92810 647888 656135 756170
U 40869 72719 742702 56205
U 195570 861546 105507 665572
U 339587 393385 594194 709530
S 128293 33255 505076 164327 394619 640271
U 253904 970608 410704 875257
U 129439 422191 263604 494974
U 895876 595870 929844 119666
U 964374 560681 188741 34112
U 403628 173719 990317 238818
U 522262 656407 90279 142302
S 440971 351349 892603 865467 403547 977630
U 231925 778794 226288 543835
S 436663 737473 213035 853591 901410 591092
U 8754 956668 783202 928128
U 667799 74109 166134 966857
S 641850 15894 92798 953128 70281 943442
U 389304 579367 583766 361861
S 438508 203390 779267 574679 788407 803937
U 831985 476283 811550 726424
S 415063 294523 458284 877405 297191 562874
U 941448 993527 915940 611608
S 326268 55639 86159 856609 151255 981534
U 669704 657916 151156 294055
U 832486 954260 170751 909248
U 689107 81203 901922 349832
U 649867 119696 19696 328886
U 224294 699524 177928 174606
U 315307 105943 312690 734612
S 703891 875162 578180 903885 876912 858839
U 988679 783420 381833 314976
S 496403 219951 230062 710450 334791 718159
U 707502 265250 164979 981702
S 80770 574356 472103 259340 770496 874092
U 325304 610918 571664 737869
S 580046 954356 687856 902529 955475 780968
U 132275 794393 677934 55369
U 51220 730208 886670 20510
U 99324 970665 786957 576814
U 167432 410576 603219 458541
U 703774 508953 103308 19005
U 142737 129411 961547 411246
U 927408 976735 372030 498573
S 330441 684365 434453 605725 952610 646694
U 791722 96455 259325 836346
U 885178 773481 537989 823478
S 974779 27330 457008 992262 361589 587204
S 420182 936193 134917 881274 945214 708521
U 803343 888974 728109 80584
S 639312 938814 212750 892876 947989 268084
U 780488 994010 169564 50225
S 418483 739484 695625 874328 944576 972008
S 920786 260374 602211 953697 372159 810163
S 839748 35396 352240 847660 526469 704044
U 342599 787901 849976 647012
S 246652 160624 840795 649549 787012 897319
U 440903 491352 319907 962202
U 515799 583625 489694 560749
U 451228 905503 415164 71384
S 776064 4245 480514 977350 197865 548185
U 751764 994484 767540 549139
U 391806 835485 983267 312587
U 210791 40955 544906 826396
S 680062 744672 118248 764422 976542 612530
U 69193 782018 321841 450380
U 358437 614305 525725 971719
S 668782 306252 844134 848213 613401 976460
S 547330 116752 482683 973765 988161 922156
S 672339 447448 258705 953550 540881 906863
S 688765 440263 869985 929734 956396 898996
U 346598 578248 931998 313256
U 993601 297013 779926 639690
U 779858 322341 959892 428928
U 998909 521532 537966 214875
U 449192 498479 487154 915671
U 772179 958031 726482 287176
U 627533 921152 368654 864826
S 226884 738551 77511 471645 866935 392341
S 354027 564770 513203 896026 741080 935837
U 961960 151960 55424 111124
U 958309 118507 812425 196471
S 333491 35912 208597 775224 444669 260637
U 942619 990648 905776 228398
S 81610 394529 716529 768671 529384 733573
S 596166 117113 9676 635918 836896 69902
S 250484 399714 388795 420467 463866 754936
S 808309 723842 655554 987988 807565 660535
U 853396 487541 992213 518752
U 707873 111521 560174 92463
U 502128 155963 726436 329112
U 879825 240532 881185 539762
S 559315 263887 490088 820411 755044 599678
S 977380 14420 132622 985011 515763 819098
S 532026 672679 165299 801174 709933 731901
S 935610 864928 314701 958332 878649 789249
U 156879 680671 859799 903436
S 3062 240614 963627 749756 693376 992689
U 936282 355454 30587 640866
U 776296 378236 927810 701783
U 667012 335831 781144 657995
U 940572 85576 260586 915930
S 143171 247298 303262 167931 732139 615686
U 346539 233447 832059 227309
S 473581 512656 638619 972623 977733 777733
U 243252 136870 621240 644699
U 242411 707079 793743 208864
S 272886 905960 761693 566841 967281 808179
S 32470 919811 411795 71166 923621 810198
S 552409 196590 404929 956270 529452 826095
S 212310 156455 914363 235110 314184 992423
U 304064 456319 52588 617822
U 967725 82364 230704 755740
U 352896 303671 854477 615729
S 296431 499720 230177 347279 612796 869803
U 957613 921708 243807 349334
U 934151 209001 941471 615858
U 44230 975844 172395 72683
U 16565 102062 86317 766180
S 888352 515152 893550 888797 604378 926452
U 700895 180207 75453 394914
U 596865 550103 235216 472051
S 724170 16468 259230 765861 678287 876274
S 894177 824310 898815 965834 970286 917958
S 797098 167717 557156 902198 648267 573564
