100
35
U 25 50 68 764745
S 55 11 26 85 93 97
U 5 61 82 594890
U 30 94 94 161118
S 49 82 95 82 86 98
S 62 34 48 71 36 48
U 41 66 96 166039
U 53 67 42 596573
U 64 83 78 887152
S 41 41 56 97 69 65
S 55 54 70 59 59 89
U 5 13 84 520229
U 50 80 72 427617
S 73 47 93 91 76 99
U 54 83 97 845736
S 63 85 54 77 87 98
U 23 29 42 973404
U 46 55 16 116639
U 76 44 69 894434
U 5 34 94 708252
S 61 83 9 76 96 56
U 17 86 21 559189
U 24 89 78 180925
U 82 69 91 665600
S 36 74 98 66 98 99
U 39 53 67 434223
U 34 28 9 479353
U 100 49 1 441930
U 57 96 81 88289
U 61 17 28 879101
U 29 94 2 42723
S 83 40 95 90 66 99
U 78 87 28 413773
S 36 64 33 89 65 43
S 26 4 17 87 13 56
