100000000
199
U 15398009 61793318 67776640 258788
U 32684977 28719107 96187446 27568
U 21081615 102082 48649900 410653
S 85308795 79666617 79130353 94277758 96374935 88102682
U 14250042 88626867 71794657 308856
S 43505448 29311239 52483333 57961633 37516569 91776913
S 88857047 19350286 99742392 92308128 27266884 99758010
S 30436428 17814186 34059101 64411255 55192296 41086799
S 81058476 92185983 96063338 89240631 92631963 98675346
S 7000490 10060031 38757755 58669698 32159636 90253258
S 60383036 14713581 44022326 63051209 49822758 57408741
U 63677349 16141647 20916363 676744
S 87558291 8916673 68429061 93814606 24785986 98878616
U 39652263 48597992 99655769 984607
U 1169747 70182002 17754562 57670
S 80647816 69105400 26117874 93916390 93720041 27788274
U 46803446 95962528 12666264 820061
U 53823620 54585942 9264129 458253
S 67297575 11097186 43698943 82393263 67888331 55047387
U 83984328 87132783 13881873 472248
U 12750577 37525424 84694733 539841
U 18341921 93178250 49363868 944865
S 57815585 20244485 65641958 60974274 35825273 69145354
S 32704593 13964232 73811726 87649088 19052875 96805842
S 73519842 45084672 43706094 86282421 79565212 96504756
U 31334194 96055736 42736384 640043
U 4291947 60207411 73188750 959819
U 49397948 82909649 86670420 742460
S 84112972 84935012 59445920 94538788 97951475 63067285
S 43650169 91686269 70434743 84624231 91741947 96210193
S 71487089 44266388 88848731 76997840 50631728 98751883
U 17689266 19566254 95480051 303649
S 22852483 67929078 48574520 48230626 81290715 69733902
S 60517769 82541023 11420546 77141185 95246889 20969043
U 74879551 11459138 90070265 606494
U 36310722 63108786 58970403 102902
U 32335472 67872349 12731257 649161
S 68412155 26477578 88000581 74665685 87258181 88345172
S 50090797 75870281 68929355 90190605 96782467 76276890
S 82641714 51444761 65170979 94187814 91500964 89752435
S 68071646 12568096 2639145 83566089 66615878 13795810
S 69149744 7870885 46639055 85834306 51168564 57807414
S 77144322 17053121 76026451 93868555 27013003 87573188
U 29900822 46555409 32696982 446856
U 93791786 42156128 34407335 183643
S 65749470 66691206 96564395 67582702 71660563 99152310
U 95166089 53751983 48954348 444081
S 37350216 65514342 9862468 69437875 84097614 70364635
U 68100391 12473101 34866502 554118
S 83390314 45786412 48047008 87044859 94681034 48578803
U 98372184 65548914 60711105 869828
S 72261325 59013714 3014910 89859321 65087600 77255127
S 79083828 95961184 7684860 92534376 99703715 84404589
U 40500744 45062697 17648028 415736
S 8674310 32036918 65777778 12994423 53574643 67844384
S 86841899 72183217 98537337 95794758 98968651 98715987
S 46970220 85833493 70666474 50146609 86651799 97265730
U 95638615 44206913 52224639 187102
U 10875378 88199322 11512732 950838
U 73646085 83190721 59697878 240093
U 24589874 73760963 83918628 489045
U 99720831 37405675 59359236 963024
U 18311006 85223321 20241842 949439
S 81538297 44528996 95045166 90915806 53745530 97084377
U 28289721 69738626 93675620 988518
S 37570394 42773676 19368366 58426679 51066320 64280462
U 76755553 88809012 28683888 567817
U 77017148 99048794 8811473 669797
S 85540585 12266349 96868102 88405384 74833979 97267084
U 32349878 70119405 87152300 663526
U 977945 575721 57975374 655300
U 32251304 41349169 48206502 600813
S 41096984 16913181 45714028 55282012 44538149 95212223
U 92356118 79234463 36361018 932530
U 42861608 15159725 33522981 47162
U 56072438 74651348 57864032 205593
U 20254840 40364233 33520952 87973
S 91258785 36408703 60718444 94003299 55457688 86545145
U 85617369 77745917 45362913 696163
S 82321500 42086027 74037571 82777974 51582807 92026725
U 6682730 23437829 87836581 914072
S 30611143 30008958 50869948 56315240 34117791 68038568
U 27067778 64268645 65516543 332690
U 32935213 566452 82974106 871397
U 57392881 46502394 47544118 750624
U 96338035 71633615 80260704 936225
U 22197913 34057427 1223499 716019
U 95552152 87207293 85761846 524695
S 28482785 17880266 90758350 76414083 69647382 98155360
S 14124210 14958610 41929680 29875892 36811039 99645309
S 44624524 21820457 19190389 81065963 94814506 76185605
U 41317666 88506235 68838809 277448
U 12964602 25806677 63844880 114805
S 75348758 88980024 39340736 88171321 95153005 56177144
S 8900948 46034919 34963140 50920056 56977000 58747003
S 83473406 71414089 45740091 92327354 99737583 75833039
S 59244099 76099768 24658069 84525403 95290547 89267323
U 41297457 10989179 55263870 794032
S 48870154 90087626 80267712 76043467 95577723 83158950
S 31778538 71891989 47178079 59509510 79306683 56564553
S 39869271 89264266 6107890 60959292 99243099 24392085
U 40951787 60692892 14266628 332150
U 37823231 45183770 83171109 229655
U 53298492 28032390 91438888 360057
U 389692 48578165 33064323 116415
U 37966532 68002936 9096863 769690
U 53520895 67473878 55980628 329237
U 8946423 75523044 49610918 441264
U 42941561 34769733 90878360 158283
U 43715274 50503510 3388520 962590
S 86112324 52312042 20660882 87207872 85642898 85193383
U 91289565 63982427 4762133 884629
U 16794542 59982918 78998576 271769
U 39783592 2527914 10922975 22567
U 43103730 27762821 45396296 8436
S 88431091 65099782 56358156 90577354 77378919 83681861
U 40434176 55042950 94784181 966867
U 51893063 79285008 96316376 312378
U 83301720 34454845 33641457 85163
S 69629518 71645238 14109686 79916654 85969822 35112842
U 14345152 62480004 28319857 535288
U 17660403 13638593 62390755 172084
U 21584133 53981847 88508500 636257
U 55080709 98795684 74199149 664506
U 48452829 57740317 27283754 160020
S 33024801 96466043 28311618 44215092 98047885 47162180
U 61021580 92771398 15397696 828452
S 10123768 20093931 64628302 29320793 65297272 78701449
S 76555755 11143062 1918358 80512415 19189292 33725001
S 88113595 39781904 38813938 92910762 93338724 93889688
U 31357233 684143 62214574 765209
U 36334850 6310887 91682343 242561
S 5045426 58285472 38899917 42836652 77828910 54671637
S 50092322 10138688 3050573 96671006 57923484 37048668
U 29167464 17468763 6922424 412722
S 3112517 97600645 61088490 62803236 97650881 77482345
S 76115452 85305562 62726621 81213604 94612348 68332312
S 40359323 34971649 70924002 91496397 51954531 94544832
U 94622471 23828169 76363788 717797
U 75183145 45332609 70947836 681155
S 40871669 60260041 56621241 65991340 97382259 90533973
S 39096030 86824644 83395173 95890153 88256131 90510371
U 60039934 64900925 37407085 22939
U 35161611 91213797 64384977 788596
S 43675775 10578337 90443409 51005129 21194918 96591403
S 72342137 5766458 56847361 80448215 11900602 96648009
S 28109490 82234927 83613977 97720628 91828217 90206002
U 61998086 81198735 77369288 818180
U 5554669 56579483 50230594 50274
U 9535966 14326829 57296620 39295
U 54754486 76850206 8836865 374406
S 77701692 53859178 86252748 92030530 91631406 92267858
U 72086049 72850085 48478605 639852
S 88292118 72964158 36112938 95822875 95828326 78469780
U 4491126 84918524 62583061 568865
U 78933900 35700028 52219730 130602
U 77840008 57463731 73509103 539152
U 47649219 37253047 43006220 754586
U 75875278 63525155 82264392 957704
U 16357480 18226363 97495984 110821
U 70968344 87884855 61464208 521758
S 40979761 68744185 7089397 55381070 81177358 35584389
S 61969733 3604764 80747341 85413018 12171752 92894777
S 42585233 52510941 24938682 53637980 68117857 91717951
S 12953801 68280132 90214550 32223218 86062374 94857359
U 28465962 29695043 48457456 247825
S 76002276 70840150 66373172 92588008 93916067 85161002
S 30704701 54510947 91538278 71822997 77385134 98029415
S 39697337 17545615 52822252 60296935 42763047 80285097
U 78319585 91894276 93395114 299099
U 12527036 44670419 91427829 698396
U 85586831 58043916 32808494 508088
U 71123901 85877963 39570509 816872
S 61107375 14259967 27876006 68063079 94104370 46659140
U 49270614 72373514 18030648 310854
U 53012750 88070 83198299 533314
U 70201043 27079355 41913512 463019
U 68075638 34198395 6683771 947815
U 44995999 37084884 23106752 442335
U 46577354 42565091 27206357 167255
U 3824079 24799718 14930632 486096
U 5593056 22403795 49006055 498319
S 87210046 906149 24281000 99469245 3823049 45832720
U 72311090 36684026 60768705 13592
U 21779132 9619205 81314569 245781
U 85184125 98265757 3994677 214260
S 70789364 33730401 85339222 71966769 58010192 94250786
U 76381507 27251643 91501903 872823
U 62440688 22636507 65266388 871783
S 47814351 32454679 92581748 99025604 77363032 98702430
S 88129996 81236257 47733482 96728618 90092721 80525152
S 99073895 82308338 1713975 99328281 97632078 54014508
U 7260145 13069140 34869573 397445
U 50821710 37837393 6726910 88192
U 13682268 20853111 32368119 880182
U 73271834 69069972 48986519 795888
S 54956041 45320220 70703395 90895777 98967886 79977160
U 40996246 27387332 82015317 626364
S 36918079 2141055 37289366 37810341 46759312 51315319
