100000000
200
U 66307305 61706372 22380247 856133
S 1536355 70522253 27495368 36713324 92721014 56751070
U 30050310 48510249 39234429 188994
U 99135546 95850418 36465804 185094
U 79950022 46143595 73477635 916766
U 92210787 43317605 81376093 610722
U 7954217 59825720 80905455 878381
U 80132187 22156105 76873461 582930
U 99413542 33162802 71654697 729859
U 45904256 72120444 25239067 972189
U 45025830 70677447 36596011 111222
U 6689182 62974631 6334936 460801
S 14487518 15374829 76744235 96181286 84361201 92794675
U 62530207 32208944 54025817 260070
U 55161693 68168406 69890226 188126
U 67364528 69918124 43471717 274121
U 57771336 12923001 80201154 269230
U 18525015 29192223 9803356 804467
U 2457562 72396401 83784134 929833
U 64591907 11960070 76009286 219228
U 58769488 85815292 39920089 935266
U 23302150 45714365 4306648 101700
U 49539471 9798709 59071353 152150
U 94330189 75607349 4309782 209733
U 51451018 35155113 71541173 347034
U 38110194 67979230 76726576 991584
U 43314105 25848021 8150425 59340
U 71596628 87777411 41446442 694636
U 73674864 69121762 65957483 43037
U 6463977 69542893 2489711 41198
U 35376091 71527767 82908426 889933
U 35864163 39516633 36374968 45203
U 56879163 83545028 32860768 608375
U 93581084 42469579 87956939 549482
S 25120084 98726005 34884089 97725090 98940143 37959504
S 30906591 42568856 23369578 90690513 60579629 50530813
U 59238963 79811291 14277807 799856
U 75009578 94070450 31133346 45289
U 23080038 5139889 8949945 452786
U 48184700 48027000 86719610 183028
U 3816190 89692002 23715073 323894
U 51466934 39086684 38202200 847032
U 88363995 90108744 24299745 718916
U 74888048 30163997 3760131 633494
U 56199571 63078234 85005950 570321
U 30265536 67222203 89606944 909726
U 39835822 39222371 98837882 584452
S 89072297 69729914 27636869 96721019 87337301 52809050
U 83582358 42319383 78874993 159220
U 80899622 95023631 89900938 998103
U 5106321 12617106 92093459 518099
U 43840488 3850332 39103440 23919
U 60607375 74033844 29333024 585716
U 29440133 72969900 3522868 831704
U 87471257 83141253 15281138 642172
U 74094485 38344177 98056533 821788
U 30086201 6378903 16344211 545730
U 66053571 84859400 90672037 630133
U 95860679 90693418 4797237 947564
U 23280102 82563490 25477847 244455
U 18408192 49187399 59207240 396953
U 81519516 85906494 79998111 987796
U 44499626 51215832 66948033 502091
U 16901677 32455212 34577518 301843
U 69529895 78924379 5677070 18483
U 67050695 675375 79484083 376918
U 12290040 30798714 23234004 993019
U 63388543 24565403 44611562 196487
U 26042750 36040452 7710589 292938
U 16298278 50458664 49418747 851025
U 99099669 10106077 25917994 145750
U 51176682 79861828 54611966 583566
U 92913004 86354298 12502001 888391
U 12607711 39282484 60779841 218017
U 20798938 1089122 36051143 570798
U 46058879 33426242 26210752 999943
U 81259121 29150024 64845110 31741
U 37690250 19918754 26899164 448648
U 14556736 63301972 91897422 164069
U 23294829 16662546 61687526 113932
S 71408717 79642114 21421259 74487702 86581207 30335933
U 23477702 99102892 28338003 141512
U 51759252 37253647 8939660 836027
U 23649773 45539676 82519995 950104
U 90304226 21663540 30955375 868755
S 90482140 62935762 58575396 91967971 66046347 76088495
U 75348804 10730657 52722277 307101
U 66415428 38466077 37426681 785582
U 47945657 9831123 34593130 194312
U 16160710 49985503 49050126 159709
U 11266319 9600355 40297996 491588
U 32513419 10888484 14148057 547475
U 36848823 73388463 85924552 225477
U 49629004 47757804 64560285 717218
U 45239333 63119875 66901749 586282
U 82034716 3938012 12426360 310013
U 3739798 20964449 6874185 764562
U 6089129 56289760 59666571 101081
U 33203730 73674955 33534176 598103
S 63452601 42258605 85398255 71595999 96460935 98528837
U 30872699 19796874 1477745 797065
U 34380083 35902036 4452191 557664
U 18782380 76999941 1824461 686580
U 34359179 7449400 79358023 484839
U 18879693 76537249 18484404 594768
U 23245923 69435172 52933885 232230
U 39740647 98288260 21696860 955454
U 9621836 82567808 60176879 988446
U 30770288 67908315 3558565 180630
U 5816277 50780097 20676457 500692
S 35812404 73998823 2832138 62505640 82016315 98900973
U 95727734 91919124 76148795 977800
U 43511710 52855136 71573139 58718
U 64010877 37945150 33683188 347570
U 58992155 8148568 81941828 29045
U 30787764 774858 57892344 20659
U 25325247 57981849 3258204 395957
U 72334620 53237507 31002330 373207
U 67924213 43171023 20936502 741354
U 3979470 30893144 36978910 838528
U 6665519 41740026 66948849 829018
U 22007653 12988133 41539116 354522
S 67239253 74822741 48716989 99364835 87512917 95130394
U 33266354 63748911 63553085 904021
U 50799882 78670215 21307298 370177
U 61831409 41494692 47605371 827858
S 22667295 64217120 26934199 50107500 94874060 34797304
U 92612849 53995514 53703077 679696
S 10746974 72250028 49389595 96007688 90735948 89901937
U 8640037 28931321 59546221 351824
U 31711709 89872213 23081655 253272
U 36598230 80585434 22327433 14309
S 29161576 29187757 81130839 95244361 54764359 82931164
U 16712341 99576470 13896068 225194
U 44415287 90097025 95586010 622019
U 91011265 65736253 78493077 32633
U 18902291 57718469 43256228 383547
U 26548787 62626577 70899003 340337
U 9284577 32613188 98873036 190191
U 83994574 6608473 2239354 509876
U 24581224 35410328 24996600 354585
U 86978071 3888208 33801435 190132
U 51042471 68987689 42395446 981845
U 32280426 12574911 87457150 579274
U 78987638 58480520 92609222 39724
S 39765700 47775224 58611640 68238851 52844106 62861330
U 41129511 37474233 65651126 698945
S 27646907 25722876 58076028 71631170 35684157 69761052
U 82473676 36515211 37027177 840003
U 77898736 95265311 60520268 255512
S 76484669 22238466 21174247 78596597 23800702 28342835
U 26528724 80839810 43567975 141184
U 88635486 66527637 70647020 266034
U 50932504 55011007 23251449 663534
U 54591516 90971891 39990022 756377
U 63909318 46659267 83896704 934597
U 19434728 83630424 84818419 301575
S 87142029 41859957 99970432 94731583 70989729 99990782
S 23297783 69714476 10832465 50190921 95195691 40486806
U 7306912 22693497 11883528 270739
U 21446483 32961473 16429599 188395
U 1162096 87379799 44791131 318980
U 40285240 41225196 53428617 569718
U 92267396 40615253 60611089 898867
U 48060739 67477867 57933149 419433
U 17931313 15907652 69861118 213680
U 96872453 36487589 90335913 610416
U 35882840 21305679 14773966 339880
U 40988787 50728325 7327673 832445
U 30786081 57952336 80567218 717865
U 71786165 66940388 23255931 685988
U 31856499 76389711 9362722 957227
U 92500620 82074144 44888447 967285
U 33695837 85997009 17086148 727802
U 60298919 7168168 24075862 283104
U 81215583 6342013 22355115 102034
U 78964771 77304167 3291985 587088
U 12183876 65853590 56852547 596441
U 27955264 91352963 53696715 216100
U 78507921 82711959 56532938 312206
U 24402479 90265132 69191708 172982
U 48706340 9708160 60094638 145826
U 34463692 20802273 32659432 443718
U 19801594 14678010 66716045 454177
U 59892047 81553683 98318571 804712
U 791826 82978457 48815917 32798
U 31984840 33257447 70059207 736677
U 23565849 25478265 24472302 250650
U 61229385 75006413 44251959 829508
U 67387574 54476257 94923037 74314
U 23473438 31213766 73479768 810650
U 22459259 14992710 47607795 829101
U 93643269 37614999 32001567 548141
U 64066725 81452204 55759641 507594
U 82824786 31916391 81638391 47868
U 54616438 3670659 27996930 768319
S 75833395 67208861 9796358 81921779 89675424 82667384
U 86674216 90401653 93438274 396161
U 76812403 51071786 8194996 221692
U 48360357 3206981 96018443 487419
