1000
35
U 548 473 99 466964
S 274 389 774 849 453 793
S 123 368 655 296 721 665
S 327 599 768 963 850 830
U 843 408 701 617051
S 616 223 488 904 902 511
U 584 264 184 896662
U 244 416 837 460987
S 32 425 724 847 688 785
S 730 900 161 731 976 287
U 477 609 731 153237
U 451 494 222 321518
S 702 365 94 816 432 411
U 936 247 888 784691
U 123 677 752 804125
S 906 664 635 980 931 887
U 960 991 846 268830
S 112 763 869 485 911 900
U 53 792 266 222640
U 48 958 604 525066
S 264 650 257 515 869 572
U 581 541 662 200676
U 826 73 365 794414
U 649 109 359 803409
U 431 619 473 597267
U 472 164 157 508268
S 319 19 525 454 401 992
U 930 798 565 80871
U 615 807 920 835423
U 230 464 831 580137
U 645 570 844 989543
S 411 550 797 611 555 910
U 303 549 145 522754
U 705 524 47 325301
U 38 524 732 29525
