10000000
132
U 4921934 3447045 1366083 515236
U 5742698 2604470 1744280 431668
U 3295277 1311014 6305316 670246
S 4557793 1997087 7270379 5318539 3138085 8358013
U 4508579 9821168 5126698 680891
U 4226294 3575391 7891267 919747
U 1216125 8872144 7222549 233795
S 3814269 5715389 9965115 5323890 6139685 9985917
S 694327 3289005 9690164 8897146 6068589 9999404
S 4116190 28642 7769824 6210276 7698726 8142112
S 7625032 4633064 9892267 8495713 6092171 9973687
U 8095782 8049543 4561707 207331
U 9525190 5434412 9181178 803106
U 5609788 7512795 8900081 835621
S 5143023 4445776 2126081 7473375 6251691 8319673
U 6341009 4451538 2476105 885251
U 9145553 950400 9398373 243206
U 8056531 6683054 3506800 220183
U 5797314 2623136 9077947 612567
S 2856553 4044917 2035386 3678202 8351892 7976424
U 6269724 1287101 8049999 538055
U 5867990 2471759 3819981 777796
U 9746113 7975279 4515102 976340
U 4423103 5538063 2746834 863092
S 42126 1521786 7118799 4050177 9672733 8103749
U 5184720 8908978 9068332 188753
U 8952241 7776863 2601847 319676
U 8622899 5712695 1709159 15569
S 8328781 5597523 7029639 8506375 9602197 7968063
S 6790340 5718433 422272 9471227 9225090 5955920
U 57454 72494 6877976 747873
U 8331294 727920 1814378 694420
U 3498644 4025625 105611 529386
U 277867 7751660 2493809 150522
S 6171486 4145289 3906622 9200688 6528922 8045510
U 2252278 7341653 7587436 510009
U 7975969 235727 4708159 316869
S 277154 9452064 9094435 4900785 9974308 9187269
U 5294746 8940173 4778601 643865
U 3374229 8043355 6286967 946374
U 131972 9356976 4118698 700186
U 835293 3719384 1144558 486564
U 6544964 3577405 9514182 639788
U 5597574 6112547 3684319 184186
S 3242036 9379543 4855059 9744264 9453796 7568928
U 1631033 9432027 6259627 940250
S 8799701 7682295 8715673 8928998 9736046 9173207
U 3173424 9140906 7997850 336148
S 6398550 1640827 8259234 9078914 4661994 9015630
U 7365225 8767628 1479114 709474
S 7634335 3580258 7065322 9288474 8142191 9421612
U 9994604 8528222 7271936 838531
U 8805381 722768 6571598 15548
U 6102957 4913774 1310715 334932
U 243820 1115210 8499953 301475
U 6769888 8761676 909192 48302
U 1899958 1208149 9585237 382364
U 6338144 1456956 244845 65102
U 5872532 308110 3999333 151734
U 8846323 3914797 5707405 269397
U 204676 1586951 380569 661821
U 75924 8225912 7508013 905063
S 7364462 9927892 971433 8166898 9964005 1466356
U 3165437 9373297 4522047 197601
S 119485 4168516 8136236 7432208 9149777 9603689
U 7757857 5548555 5077796 115904
U 4903557 2879032 344957 870749
U 4338293 7565290 1355732 159125
U 91285 1978622 3775510 281508
S 5254555 3430352 3096553 8108420 8544992 7634278
U 5563370 7201538 3219847 6275
S 9615055 6844925 5518162 9855449 9788314 6808997
U 6278171 9457443 6927274 739710
U 6159242 4066063 8961320 414450
U 2801290 9884920 6302162 438668
S 3484733 179695 5600141 4324976 7742401 5719040
S 3456753 2373816 8514493 8818192 8878444 9639196
U 4051310 2358800 6203779 842529
S 8744371 5385328 4161351 9814989 5393026 9898883
S 6167551 3178237 2649988 9255558 4506057 4021703
U 3863819 8376640 2671657 32754
S 1125471 3403870 867874 8737260 8783402 3520044
U 8347475 7363228 4150744 92909
U 8912863 4319730 8858545 804853
S 637156 4879642 4886492 3802322 4927934 7828044
U 1486797 1095897 139850 406228
S 5938170 9137582 9479381 7010418 9446960 9917388
U 3476587 3014836 6203435 485317
U 7215 8675478 2738462 311114
S 6113434 6553244 5125266 9351471 7058662 8429549
U 6091092 2158430 54544 727103
S 4845192 4244242 3188810 8590754 5763412 9055841
S 8377511 4876022 8432384 9984155 9098385 9558024
U 456223 3669747 9958772 426931
S 3853333 2880211 6766788 7751924 5695564 7395376
U 2933822 7881229 1233838 105524
U 5913537 6210665 6623672 438301
U 5654102 3868891 63118 675674
U 7485533 8891089 8066371 901380
S 9569352 5277146 9928879 9996179 9773865 9983353
U 7667384 7169850 1064520 29681
U 776275 6680582 8999798 767919
U 9198235 9528065 7978195 620357
U 7854257 7929707 3010365 670846
S 941927 7545330 7540766 8767311 8713909 9854283
S 9807969 8777564 3952827 9890151 9828976 8265981
U 3417610 7550466 2044764 772844
U 1777432 7789114 1777709 995944
U 307843 6219363 1560606 709484
U 4406367 3967805 8955916 908385
U 1662267 3811134 3967015 985780
U 3920849 9585779 2964233 245964
S 1778151 3640547 6385420 2036378 4804539 9497284
U 6186276 7446311 9031126 65835
U 3588744 6617706 9939656 967580
U 9115 3998800 3817821 536466
U 8428821 9721339 9415163 325678
U 7870365 5632000 4875521 25300
S 2453128 3985118 6898278 5533557 6969815 9657779
U 7579624 1774208 4396327 276905
S 6635103 6712598 9136848 6813653 9983370 9328129
S 5464413 7833108 8695120 8957329 9086577 9259070
U 5949146 5749342 2570684 522982
U 3242729 892207 914354 908149
S 5653131 9686473 7011713 9428083 9868314 7733216
U 7060233 7827925 8449341 755256
U 8281973 7810475 7374383 600780
U 3477682 1075248 6265796 627689
S 7030513 3036747 2996716 8431492 6313829 5359085
S 6676391 4095880 5932460 8639541 5178043 7332437
U 5665250 8009573 2616357 970050
U 1012368 8443237 9764949 209985
