10000
100
U 5445 9656 9704 207505
U 9449 3458 5105 426376
S 1162 631 2535 6789 5912 9575
U 9520 2153 5849 409162
U 7189 1558 1447 509244
S 708 5063 2857 2373 7379 7567
U 1415 6775 3600 563216
S 3480 6763 3874 4212 7170 4483
S 5715 9518 8319 8703 9648 8464
S 9575 8716 7395 9888 9995 8463
S 6441 2316 7443 9621 7566 7659
U 2412 3195 2549 769044
U 8058 1142 1979 566907
S 9630 1322 9005 9702 4630 9927
S 7732 8352 124 8198 8936 4437
S 6365 8714 5723 8775 9362 5951
S 6116 7126 5482 8441 9442 5627
U 1142 1025 6682 291246
U 5593 9757 1165 280568
U 3222 7605 4042 210846
U 4861 6242 5820 491393
S 7803 2215 2238 8000 8982 3303
S 2352 4062 4451 2718 7454 6872
S 8808 92 2958 9582 4589 4052
U 9769 7579 6687 843637
S 4963 2177 8337 9263 4830 8921
U 7113 5422 8169 372787
S 3698 5172 7123 6706 5333 7554
U 5623 8359 3556 325096
S 6060 8000 1234 7868 9705 8006
U 2233 4055 5708 876036
U 3159 8555 4410 253367
S 5947 1249 5747 9155 8866 7913
U 98 2126 2396 151716
U 4287 9127 1520 639798
S 4347 5761 3036 8261 9508 9985
S 4702 8760 3898 7248 9885 6834
S 6403 8867 197 7823 9009 5422
S 7058 6511 1154 8289 7360 2141
S 2657 3348 8694 3608 6135 8846
S 1570 8288 9419 4669 8746 9636
U 829 5447 1529 634664
S 5086 2995 2592 7848 8279 4099
U 353 7866 4988 502421
U 7155 7826 1194 890146
S 402 6819 8864 4804 7266 8986
S 4686 1010 2939 7648 5004 9505
S 3164 8406 3772 8697 9106 4476
U 701 4578 6151 311904
U 4512 7082 200 725475
S 6230 4656 5961 6561 9262 8701
S 5446 1817 1217 6063 6290 7751
U 8639 7741 18 813386
S 8568 2748 8608 9551 9290 9425
U 81 8284 5963 389151
U 5697 3762 4325 420532
S 2373 9864 9407 7295 9936 9463
U 3409 2499 3071 446338
U 3595 7710 5413 203600
U 5457 5981 66 406011
U 7618 7693 6705 489666
U 2295 4687 7997 828278
U 1841 7313 62 288682
U 4912 4566 7082 200793
S 6950 7756 2034 7723 10000 5507
U 9972 7430 4154 743995
S 1931 5924 1346 8442 9684 5766
S 7510 7539 5462 7994 7917 9687
U 2597 5326 4029 162418
U 8978 1759 7161 253441
U 9201 5684 3211 217075
S 5121 2892 8444 8744 9659 9915
U 9755 6009 3598 292850
U 8588 7241 5146 186593
U 1676 3475 8268 222123
U 6876 6391 9962 522197
U 1807 4866 2799 894020
U 539 5618 5963 982630
U 6693 8973 3703 59785
U 3881 5014 5848 238132
S 1404 3119 4290 8912 7828 9996
S 7960 9198 643 9926 9860 8560
S 4838 9989 2779 6485 10000 8344
U 7663 9687 6086 287256
U 7291 2022 6855 263232
U 5350 6773 956 899237
U 297 3651 1787 824354
S 3125 3184 2785 8138 8001 4990
S 6361 3039 4616 7355 6714 8395
S 2300 7047 8016 9739 8873 10000
S 4672 76 4590 8977 7063 8437
S 2008 5687 7309 7818 7492 9228
S 5549 7916 1169 8354 8159 6537
U 8230 3729 6807 333211
U 7204 2775 50 326999
U 8835 8058 9039 565240
U 4778 6227 483 291182
U 3831 3647 4723 281929
U 606 4753 9953 340017
U 8248 4753 4371 665942
